1 1 380.5 12.1 18.5 9.5
1 2 381.0 12.5 18.8 9.8
1 3 379.5 11.8 18.2 9.2
1 4 382.1 12.9 19.1 10.1
1 5 380.8 12.2 18.6 9.6
1 6 381.5 12.7 18.9 9.9
1 7 378.9 11.5 18.0 9.0
1 8 380.2 12.0 18.4 9.4
1 9 382.5 13.1 19.3 10.3
1 10 381.2 12.4 18.7 9.7
1 11 379.8 11.9 18.3 9.3
1 12 380.5 12.1 18.5 9.5
1 13 381.8 12.8 19.0 10.0
1 14 378.5 11.3 17.8 8.8
1 15 380.9 12.3 18.6 9.6
1 16 382.2 13.0 19.2 10.2
1 17 381.1 12.4 18.7 9.7
1 18 379.4 11.7 18.1 9.1
1 19 380.6 12.2 18.5 9.5
1 20 381.9 12.9 19.1 10.1
1 21 378.8 11.4 17.9 8.9
1 22 380.3 12.0 18.4 9.4
1 23 382.6 13.2 19.4 10.4
1 24 381.3 12.5 18.8 9.8
1 25 379.7 11.8 18.2 9.2
1 26 380.4 12.1 18.5 9.5
1 27 381.7 12.7 19.0 10.0
1 28 378.6 11.4 17.8 8.8
1 29 380.1 11.9 18.3 9.3
1 30 382.0 12.9 19.1 10.1
2 1 398.0 19.0 24.0 14.5
2 2 399.5 19.5 24.5 14.8
2 3 397.2 18.8 23.8 14.2
2 4 400.1 19.8 24.8 14.9
2 5 398.5 19.2 24.2 14.6
2 6 399.8 19.6 24.6 14.9
2 7 396.9 18.5 23.5 14.0
2 8 398.2 19.1 24.1 14.5
2 9 400.5 19.9 24.9 14.9
2 10 398.8 19.3 24.3 14.7
2 11 397.5 18.9 23.9 14.3
2 12 398.1 19.0 24.0 14.5
2 13 399.9 19.7 24.7 14.9
2 14 396.5 18.2 23.2 13.8
2 15 398.6 19.2 24.2 14.6
2 16 400.2 19.8 24.8 14.9
2 17 398.9 19.4 24.4 14.7
2 18 397.1 18.7 23.7 14.1
2 19 398.3 19.1 24.1 14.5
2 20 400.0 19.7 24.7 14.9
2 21 396.8 18.4 23.4 13.9
2 22 398.4 19.1 24.1 14.5
2 23 400.6 19.9 24.9 14.9
2 24 398.7 19.3 24.3 14.7
2 25 397.4 18.9 23.9 14.3
2 26 398.0 19.0 24.0 14.5
2 27 399.7 19.6 24.6 14.9
2 28 396.6 18.3 23.3 13.9
2 29 398.2 19.0 24.0 14.4
2 30 400.3 19.8 24.8 14.9
3 1 405.0 15.5 21.0 18.2
3 2 406.5 15.8 21.5 18.5
3 3 404.2 15.2 20.8 17.8
3 4 407.1 16.1 21.8 18.9
3 5 405.5 15.6 21.2 18.3
3 6 406.8 16.0 21.6 18.7
3 7 403.9 14.9 20.5 17.5
3 8 405.2 15.4 21.1 18.1
3 9 407.5 16.2 21.9 19.0
3 10 405.8 15.7 21.3 18.4
3 11 404.5 15.3 20.9 17.9
3 12 405.1 15.5 21.0 18.2
3 13 406.9 16.1 21.7 18.8
3 14 403.5 14.7 20.2 17.2
3 15 405.6 15.6 21.2 18.3
3 16 407.2 16.1 21.8 18.9
3 17 405.9 15.8 21.4 18.5
3 18 404.1 15.1 20.7 17.7
3 19 405.3 15.5 21.1 18.2
3 20 407.0 16.0 21.7 18.8
3 21 403.8 14.8 20.4 17.4
3 22 405.4 15.5 21.1 18.2
3 23 407.6 16.3 21.9 19.1
3 24 405.7 15.7 21.3 18.4
3 25 404.4 15.3 20.9 17.9
3 26 405.0 15.4 21.0 18.1
3 27 406.7 16.0 21.6 18.7
3 28 403.6 14.8 20.3 17.3
3 29 405.2 15.4 21.1 18.1
3 30 407.3 16.2 21.8 18.9
4 1 320.0 8.0 12.0 5.0
4 2 321.5 8.3 12.5 5.3
4 3 319.2 7.8 11.8 4.8
4 4 322.1 8.5 12.8 5.5
4 5 320.5 8.1 12.2 5.1
4 6 321.8 8.4 12.6 5.4
4 7 318.9 7.5 11.5 4.5
4 8 320.2 8.0 12.1 5.0
4 9 322.5 8.6 12.9 5.6
4 10 320.8 8.2 12.3 5.2
4 11 319.5 7.9 11.9 4.9
4 12 320.1 8.0 12.0 5.0
4 13 321.9 8.5 12.7 5.5
4 14 318.5 7.3 11.2 4.2
4 15 320.6 8.1 12.2 5.1
4 16 322.2 8.5 12.8 5.5
4 17 320.9 8.2 12.4 5.2
4 18 319.1 7.7 11.7 4.7
4 19 320.3 8.0 12.1 5.0
4 20 322.0 8.5 12.7 5.5
4 21 318.8 7.4 11.4 4.4
4 22 320.4 8.0 12.1 5.0
4 23 322.6 8.7 12.9 5.7
4 24 320.7 8.2 12.3 5.2
4 25 319.4 7.9 11.9 4.9
4 26 320.0 8.0 12.0 5.0
4 27 321.7 8.4 12.6 5.4
4 28 318.6 7.4 11.3 4.3
4 29 320.2 8.0 12.1 5.0
4 30 322.3 8.6 12.8 5.6
5 1 415.5 22.0 26.5 16.8
5 2 417.0 22.5 27.0 17.1
5 3 414.7 21.8 26.3 16.5
5 4 417.6 22.8 27.3 17.4
5 5 416.0 22.2 26.7 16.9
5 6 417.3 22.6 27.1 17.2
5 7 414.4 21.5 26.0 16.2
5 8 415.7 22.1 26.6 16.8
5 9 418.0 22.9 27.4 17.5
5 10 416.3 22.3 26.8 17.0
5 11 415.0 21.9 26.4 16.6
5 12 415.6 22.0 26.5 16.8
5 13 417.4 22.7 27.2 17.3
5 14 414.0 21.2 25.7 15.9
5 15 416.1 22.2 26.7 16.9
5 16 417.7 22.8 27.3 17.4
5 17 416.4 22.4 26.9 17.1
5 18 414.6 21.7 26.2 16.4
5 19 415.8 22.1 26.6 16.8
5 20 417.5 22.7 27.2 17.3
5 21 414.3 21.4 25.9 16.1
5 22 415.9 22.1 26.6 16.8
5 23 418.1 23.0 27.5 17.6
5 24 416.2 22.3 26.8 17.0
5 25 414.9 21.9 26.4 16.6
5 26 415.5 22.0 26.5 16.8
5 27 417.2 22.6 27.1 17.2
5 28 414.1 21.3 25.8 16.0
5 29 415.7 22.0 26.6 16.8
5 30 417.8 22.8 27.3 17.4